1111111111111111111111111111111111
1000000000000000000000001100011101
1110110100000000000000101101011101
1110000101100000000000100001000001
1100000000000000000000000111000001
1111111100000000000000001101000001
1000000000000000000000000101000001
1000000000000010000000000001011101
1000000000000001000000000000000001
1011101110000000000000000001000101
1011100000000000000000000000000001
1011100000000000000000000000000001
1000101000000000110000000000000001
1110100000000000000000000000000101
1111111111111111111111111111111111

1111111111111111111111111111111111111111 
     1111111110000000000000000001111111   
        1010110000011100000000000111111
11111111111110111000000100011111111
11111111000001111100N00010001
       1000001 100000001100011111111
    11110000111101000000000011111
11111111111111111100111111111
1111111111111111100111111111
10000000111100010000000001001
100000001  100110101010000001
100000001 1110000001110100001
111111111 1111111111111111111

                       111111111111
                        10000000001
                        10000000001
                         100000001
1111111111111111111111111111000001
100000000000000000000000000000001
10011111111011111111111111000001
10001    110000000000000001111111
11011    111111111111111101                           111111
100011111110000000000000001                          10000001
10001000011011111111111111111111111111111           1000000001
1000000001101               1000000000001          100000000001
1000100001101               100000000000111111111110000000000001
100011111110111111          100000000000000000000000000000000001
100011000000000001          100000000000100000011110000000000001
100011000000000001          100000000000100000000000100000000001
10001100000000000111111111111000000000001           1000000001
11111111111111111111111111111111111111111111111111111111111111

                       111111111111
                        10000000001
                        10000000001
                         100000001
1111111111111111111111111111000001
100000000000000000000000000000001
10011111111011111111111111000001
10001    110000000000000001111111
11011    111111111111111101                           111111
100011111110000000000000001                          10000001
10001000011011111111111111111111111111111           1000000001
1000000001101               1000000000001          100000000001
1000100001101               100000000000111111111110000000000001
100011111110111111          100000000000000000000000000000000001
100011000000000001          100000000000111111111110000000000001
100011000000000001          1000000000001          100000000001
10001100000000000111111111111000000000001           1000000001
10001100001000000000000000000000011111111            10000001
1000110000000000011111111111110001                    111111
100001000000000001           10001
1000000000N0000101           10001
100001000000000001           10001
100011000001000001           10001
100011000000000001          10001
100011000000000001         10001
100011000000000001        10001
100011111111111111       10001
10001            111111 10001
1001          11100000010001
101         110000000000001
101        10000000000000001
101       1000000000000000001
101111111100000000000000000001
100000000000000000000000000001
111111111100000000000000000001
          1000000000000000001
           10000000000000001
            110000000000011
              11100000111
                 11111